0000111110010000000000000000001111111000
0000111100001000000000000000111111110000
0000010000000111000000000111101111110000
0000011111100111011000101110111111100000
0000011111001111001100100111111111100000
0000010010011100101110101111111111100000
0000000000100100100100001011111111000000
0000000000111100111111111011111111000000
0000000001111110111111111011111110000000
0000000000000011111111111111111110000000
0000000001100001111111111100011100000000
0000000001100000111111111000011000000000
0000000001100000011111110000011000000000
0000000000110000011111110000011000000000
0000000000011111011111110000111000000000
0000000000001111011111100111111000000000
0000000000000111100111111111111000000000
0000000000000111100111101111000000000000
0000000001000001100111001111000000000000
0000000000000001100011011111110000000000
0000000000000111110010011000000000000000
0000000000000101111000111110000000000000
0000000000000011111001111110000000000000
0000000000000011111001111100000000000000
0000000000000000000001100000000000000000
0000000000000000011111000000000000000000
0000000000000000000000000000000000000000
0000000000000000000000000000000000000000
0000000000000000000000000000000000000000
0000000000000000000000000000000000000000
